27567717
28389052
31437444
26741111
32930441
32325839
26962136
31330928
32675688
40153888
38837995
31161092
31481905
30873550
30783091
25443496
31334070
34429430
31677995
29520285
42495541
30778189
28050779
32650230
36397122
28899893
30682580
31758958
39296639
31504358
37406901
41432902
28237798
26616427
26848843
28484560
26677230
26491419
27733081
31277842
33314999
36542343
28725817
29686132
34831144
30317443
30780215
26997231
45634969
30432997
31236614
34554655
38705774
35725423
25235896
27063224
40169968
29806343
27010265
34412372
31336531
30184021
27471689
26946095
31935814
28460806
24516884
30000654
30264290
26861603
40063471
31506184
32235461
26663664
35219281
33093198
29532812
40549634
33282756
28181092
28882694
29346468
42762150
30177676
29734275
44083507
33466696
37148577
30369246
28861032
32231960
32064046
31216336
30090106
32687470
36079051
41320989
29116243
35724449
30897654
